2011 01 03 01 27 200
2011 01 17 09 55 404
2011 01 17 10 43 403
2011 01 18 07 21 200
2011 01 19 22 15 404
2011 01 20 00 11 200
2011 01 21 16 11 404
2011 01 26 06 36 200
2011 02 01 11 06 403
2011 02 01 15 58 200
2011 02 07 20 50 403
2011 02 10 02 03 200
2011 02 10 13 29 404
2011 02 13 20 54 200
2011 02 14 23 20 200
2011 02 22 05 18 403
2011 02 27 00 58 403
2011 03 02 16 22 200
2011 03 03 15 49 404
2011 03 03 22 47 404
2011 03 04 22 13 404
2011 03 05 02 24 200
2011 03 05 10 25 403
2011 03 05 22 46 404
2011 03 08 07 45 200
2011 03 10 01 27 403
2011 03 11 12 05 404
2011 03 15 16 40 200
2011 03 16 23 38 200
2011 03 22 04 53 403
2011 03 27 09 09 403
2011 04 01 18 00 403
2011 04 03 17 46 200
2011 04 07 05 08 200
2011 04 08 04 43 403
2011 04 08 22 03 200
2011 04 11 19 26 404
2011 04 14 03 28 200
2011 04 17 21 33 403
2011 04 19 11 00 200
2011 04 19 21 32 404
2011 04 21 11 02 404
2011 04 24 15 03 403
2011 04 26 03 50 200
2011 05 05 11 13 200
2011 05 05 21 23 200
2011 05 07 05 49 200
2011 05 08 20 47 403
2011 05 09 16 38 404
2011 05 10 19 08 200
2011 05 14 17 49 403
2011 05 14 20 10 403
2011 05 15 02 25 200
2011 05 20 19 10 403
2011 05 23 00 14 200
2011 05 26 07 36 200
2011 05 28 23 51 200
2011 06 01 01 19 200
2011 06 01 13 03 403
2011 06 04 17 23 200
2011 06 06 11 17 200
2011 06 24 05 45 403
2011 07 02 00 38 403
2011 07 10 18 01 404
2011 07 12 18 23 200
2011 07 13 09 17 200
2011 07 14 05 07 404
2011 07 14 12 48 404
2011 07 18 13 07 403
2011 07 21 01 43 200
2011 08 01 20 39 403
2011 08 06 09 22 403
2011 08 10 02 57 403
2011 08 13 20 27 403
2011 08 17 00 22 200
2011 08 17 03 12 200
2011 08 24 01 39 404
2011 08 26 08 14 404
2011 08 28 03 41 200
2011 09 01 23 24 403
2011 09 03 14 04 403
2011 09 09 20 28 403
2011 09 22 14 25 200
2011 09 22 23 57 200
2011 09 28 04 43 404
2011 10 06 02 19 200
2011 10 10 17 20 200
2011 10 25 17 05 403
2011 11 10 06 41 403
2011 11 20 18 52 404
2011 11 26 03 31 404
2011 11 26 22 28 200
2011 11 27 14 58 200
2011 12 04 00 49 404
2011 12 12 21 28 200
2011 12 14 19 57 200
2011 12 19 04 06 403
2011 12 26 02 19 404
2011 12 27 08 43 200
2011 12 28 07 21 200
