2011 01 02 16 29
2011 01 05 20 43
2011 01 06 01 04
2011 01 06 15 16
2011 01 08 05 36
2011 01 14 15 50
2011 01 15 09 59
2011 01 17 06 35
2011 01 18 20 31
2011 01 18 21 37
2011 01 20 17 29
2011 01 21 07 48
2011 01 26 07 34
2011 01 26 18 29
2011 01 28 04 43
2011 02 04 05 46
2011 02 05 19 16
2011 02 07 08 55
2011 02 09 01 32
2011 02 09 23 03
2011 02 12 08 52
2011 02 13 11 02
2011 02 13 21 54
2011 02 13 22 19
2011 02 19 08 20
2011 02 19 09 37
2011 02 21 06 05
2011 02 21 06 49
2011 02 21 09 40
2011 02 23 00 24
2011 02 23 22 56
2011 02 24 15 10
2011 02 26 11 02
2011 02 28 06 17
2011 02 28 11 59
2011 02 28 15 33
2011 02 28 19 39
2011 03 03 11 13
2011 03 09 04 52
2011 03 09 20 56
2011 03 18 14 00
2011 03 18 19 24
2011 03 19 11 44
2011 03 20 03 43
2011 03 20 06 34
2011 03 22 22 50
2011 03 23 00 22
2011 03 23 08 54
2011 03 24 02 12
2011 03 24 17 14
2011 03 26 23 31
2011 03 28 05 42
2011 04 01 00 49
2011 04 03 16 16
2011 04 07 02 52
2011 04 09 14 36
2011 04 10 17 25
2011 04 10 21 15
2011 04 11 18 51
2011 04 13 08 38
2011 04 16 01 56
2011 04 16 06 04
2011 04 18 07 18
2011 04 19 15 14
2011 04 21 11 15
2011 04 22 14 20
2011 04 24 23 47
2011 04 26 02 44
2011 04 26 17 24
2011 04 26 17 48
2011 04 27 14 20
2011 05 03 09 05
2011 05 03 09 25
2011 05 08 18 55
2011 05 09 02 18
2011 05 10 14 48
2011 05 11 21 39
2011 05 12 21 36
2011 05 15 02 08
2011 05 16 10 56
2011 05 16 21 20
2011 05 17 11 27
2011 05 18 03 42
2011 05 20 20 09
2011 05 21 20 52
2011 05 22 21 05
2011 05 28 04 03
2011 06 02 06 12
2011 06 05 20 19
2011 06 07 23 55
2011 06 12 04 51
2011 06 12 21 54
2011 06 13 09 00
2011 06 13 14 31
2011 06 13 15 07
2011 06 18 07 08
2011 06 21 20 35
2011 06 22 06 25
2011 06 24 02 44
2011 06 25 11 31
2011 06 28 16 52
2011 07 02 09 02
2011 07 02 15 19
2011 07 06 02 30
2011 07 07 07 19
2011 07 07 19 29
2011 07 20 13 26
2011 07 20 21 55
2011 07 20 22 00
2011 07 21 04 36
2011 07 23 03 50
2011 07 24 23 41
2011 07 25 22 45
2011 07 26 02 06
2011 07 27 02 42
2011 08 01 16 51
2011 08 02 05 34
2011 08 03 13 31
2011 08 04 13 04
2011 08 05 00 55
2011 08 06 07 03
2011 08 09 13 02
2011 08 09 23 01
2011 08 09 23 46
2011 08 13 09 19
2011 08 13 15 59
2011 08 14 10 53
2011 08 15 12 51
2011 08 16 21 29
2011 08 17 03 40
2011 08 17 06 49
2011 08 20 20 53
2011 08 22 09 07
2011 08 24 09 16
2011 08 25 23 24
2011 08 26 03 39
2011 08 27 01 35
2011 08 28 04 00
2011 09 03 01 08
2011 09 05 12 59
2011 09 09 05 52
2011 09 09 12 14
2011 09 13 18 07
2011 09 19 07 21
2011 09 19 10 19
2011 09 21 01 20
2011 09 21 10 01
2011 09 22 00 05
2011 09 22 04 41
2011 09 22 06 46
2011 09 22 14 15
2011 09 24 09 54
2011 09 25 07 26
2011 09 25 11 34
2011 09 26 00 34
2011 09 26 23 07
2011 09 27 20 24
2011 10 04 01 14
2011 10 09 23 22
2011 10 13 01 27
2011 10 13 11 14
2011 10 15 05 51
2011 10 17 08 59
2011 10 18 08 12
2011 10 19 02 28
2011 10 20 16 25
2011 10 21 18 34
2011 10 21 21 48
2011 10 21 23 37
2011 10 28 10 52
2011 11 02 01 28
2011 11 04 15 07
2011 11 06 12 02
2011 11 08 16 29
2011 11 11 18 21
2011 11 13 23 55
2011 11 15 03 42
2011 11 15 05 15
2011 11 16 02 15
2011 11 17 01 45
2011 11 17 14 24
2011 11 18 16 03
2011 11 26 01 08
2011 11 28 05 59
2011 12 02 16 21
2011 12 02 18 45
2011 12 05 05 50
2011 12 07 13 14
2011 12 07 14 08
2011 12 07 14 35
2011 12 08 06 02
2011 12 10 07 25
2011 12 13 04 27
2011 12 13 17 15
2011 12 13 22 17
2011 12 15 03 48
2011 12 17 09 51
2011 12 19 01 24
2011 12 20 05 58
2011 12 26 23 59
